error(train): 0.110000
error(test): 0.135000
