error(train): 0.093960
error(test): 0.168675
