error(test): 0.373494
error(train): 0.288591
